图层_1,-0.00084289177,236,995.00178,586.1
_x23_background,-0.00084289177,236,995.00178,536.70462
_x23_chart_x28_have_x5B_list_x5D__x29_,59.002435,323.79897,906.99753,498.30103
path5,161.8,323.79897,671.4,448.70103
line7,225.59288,444.99995,568.11425,1.0001
line9,225.59288,549.79994,568.11425,1.0001
line11,225.59288,654.59993,568.11425,1.0001
line13,225.59288,761.99995,568.11425,1.0001
ellipse15,709.19998,803.9,256.79999,18.200001
path17,447.69894,377.9,119.80106,31.2
path19,455.49843,383.1,104.20157,20.8
path21,519.4,384.2,37.7,18.6
circle23,532.2,387.7,11.6,11.6
path25,447.69894,584,119.80106,31.2
path27,455.49843,589.3,104.20157,20.8
path29,519.4,590.4,37.7,18.6
circle31,532.2,593.90001,11.6,11.6
path33,447.69894,687.1,119.80106,31.2
path35,455.49843,692.3,104.20157,20.8
path37,519.4,693.5,37.7,18.6
circle39,532.2,696.99999,11.6,11.6
path41,447.69894,480.9,119.80106,31.2
path43,455.49843,486.2,104.20157,20.8
path45,458,487.3,37.7,18.6
circle47,471.40001,490.80001,11.6,11.6
path49,248.11184,352.51184,81.988164,81.688164
path58,258.16868,375.88616,50.331323,58.413844
path60,257.24041,376.68616,51.259589,57.513844
path62,246.92101,456.42101,82.278988,81.578988
path71,265.77834,484.3638,40.121665,52.936198
path73,265.47834,485.2638,40.121665,52.036198
path75,248.11904,558.61904,81.980965,81.980965
g83,266.7,585.87749,41.6,54.122515
polygon77,300.3,638.8,0,0
path79,266.7,585.87749,41.6,54.122515
path81,268,637.3,0.2,0.1
path85,247.88533,661.58533,82.214674,82.214674
path87,264.12222,692.62122,56.277778,51.478775
path89,703.575,376.975,43.988124,33.45
path91,703.575,478.875,43.95,33.45
path93,703.575,684.475,43.988124,33.35
path95,833.4,691.4,23.736541,121.3
path97,850.09442,741.43431,23.807027,8.2201366
path99,850.09442,741.43431,23.807027,8.2201366
path101,850.29855,741.3105,23.30292,7.1264236
path103,850.4,742.3,23,3.91875
path105,838.49442,779.63431,23.811162,8.2201366
path107,838.49442,779.63431,23.811162,8.2201366
path109,838.79853,779.6105,23.202948,7.1264236
path111,838.9,780.6,23,3.91875
path113,828.11732,735.26295,21.976599,12.436268
path115,828.11732,735.26295,21.976599,12.436268
path117,828.63792,735.02625,21.317939,11.672141
path119,828.8,735.5,21,10.3
path121,817.91732,773.66295,21.95588,12.436268
path123,817.91732,773.66295,21.95588,12.436268
path125,818.33792,773.46744,21.317939,11.630955
path127,818.5,773.9,21,10.3
path129,816.63772,783.29626,23.615913,9.6481882
path131,816.63772,783.29626,23.615913,9.6481882
path133,816.76669,783.27402,22.971248,8.7824832
path135,817,784.4,22.6,5.7828427
ellipse137,839.58308,686.40846,36.413243,20.096288
ellipse139,839.58308,686.40846,36.413243,20.096288
ellipse141,840.05251,687.24568,35.403984,18.600647
path143,840.2,692.4,34.8,8.1
ellipse145,829.58659,654.23886,19.91501,36.513071
ellipse147,829.58659,654.23886,19.91501,36.513071
ellipse149,830.33112,654.75441,18.407743,35.505015
path151,835.8,655.2,7.6,34.9
ellipse153,820.26613,694.58097,19.91501,36.513071
ellipse155,820.26613,694.58097,19.91501,36.513071
ellipse157,821.10457,695.1178,18.407743,35.505015
path159,826.5,695.5,7.5,34.9
ellipse161,794.46564,676.72079,36.413243,20.096288
ellipse163,794.46564,676.72079,36.413243,20.096288
ellipse165,794.93297,677.57521,35.403984,18.600647
path167,795.1,682.7,34.8,8.1
ellipse169,833.54598,691.76358,22.972534,27.074497
ellipse171,833.54598,691.76358,22.972534,27.074497
ellipse173,833.92637,692.19659,22.050754,26.226281
path175,835.6,693.1,18.8,24.1
ellipse177,812.92766,670.63243,22.887027,27.148922
ellipse179,812.92766,670.63243,22.887027,27.148922
ellipse181,812.89589,665.76253,22.050754,26.226281
path183,814.5,666.7,18.8,24.1
ellipse185,833.34789,673.76232,23.174762,19.69068
ellipse187,833.34789,673.76232,23.174762,19.69068
ellipse189,833.67695,674.21736,22.326173,18.768458
path191,834.7,675.4,20.6,16
ellipse193,811.23472,690.20713,24.534961,17.96809
ellipse195,811.23472,690.20713,24.534961,17.96809
ellipse197,811.70262,690.72333,23.706244,16.992621
path199,812.1,692.8,22.7,12.7
ellipse201,826.31249,682.64273,8.4506579,9.8378386
ellipse203,826.31249,682.64273,8.4506579,9.8378386
ellipse205,826.48314,682.75928,8.1785564,9.6035443
path207,827.2,683.1,6.7,9
ellipse209,833.67104,692.06619,8.4506579,9.8378386
ellipse211,833.67104,692.06619,8.4506579,9.8378386
ellipse213,833.82329,692.17054,8.1785564,9.6035443
path215,834.5,692.4,6.7,9
circle217,833.09999,691.09999,2.4000001,2.4000001
circle219,833.09999,691.09999,2.4000001,2.4000001
g347,59.002435,601.20976,80.668183,151.69024
path221,97.6,637.9,23.392107,115
path223,114.09442,687.33431,23.611164,8.1201366
path225,114.09442,687.33431,23.611164,8.1201366
path227,114.3942,687.3105,23.007271,7.02706
path229,114.5,688.2,22.7,3.91875
path231,102.59442,725.23431,23.611164,8.1201366
path233,102.59442,725.23431,23.611164,8.1201366
path235,102.9942,725.1105,23.007271,7.0264236
path237,103,726.1,22.7,3.91875
path239,92.396276,681.26295,21.77836,12.336268
path241,92.396276,681.26295,21.77836,12.336268
path243,92.937887,681.06744,21.117997,11.530955
path245,93.1,681.7,20.7,10.1
path247,82.196276,719.26295,21.77836,12.336268
path249,82.196276,719.26295,21.77836,12.336268
path251,82.737887,719.06744,21.117997,11.530955
path253,83.1,719.6,20.6,10.1
path255,81.052762,728.86044,23.300893,9.5621119
path257,81.052762,728.86044,23.300893,9.5621119
path259,81.166097,728.77402,22.672604,8.6137225
path261,81.3,729.9,22.5,5.7828427
ellipse263,103.64892,633.04033,36.021701,19.880198
ellipse265,103.64892,633.04033,36.021701,19.880198
ellipse267,104.13595,633.79667,35.012453,18.384626
path269,104.3,638.9,34.5,7.8
ellipse271,93.794269,601.20976,19.70087,36.120456
ellipse273,93.794269,601.20976,19.70087,36.120456
ellipse275,94.538843,601.72539,18.193665,35.112409
path277,99.9,602,7.4,34.6
ellipse279,84.5897,641.07092,19.70087,36.120456
ellipse281,84.5897,641.07092,19.70087,36.120456
ellipse283,85.442402,641.63064,18.193665,35.112409
path285,90.8,641.9,7.4,34.6
ellipse287,59.002435,623.3821,36.021701,19.880198
ellipse289,59.002435,623.3821,36.021701,19.880198
ellipse291,59.466959,624.23158,35.012453,18.384626
path293,59.7,629.4,34.5,7.8
ellipse295,97.76076,638.18263,22.683022,26.73367
ellipse297,97.76076,638.18263,22.683022,26.73367
ellipse299,98.141197,638.61561,21.761349,25.885518
path301,99.8,639.6,18.6,23.9
ellipse303,76.898181,612.08548,22.683022,26.73367
ellipse305,76.898181,612.08548,22.683022,26.73367
ellipse307,77.281417,612.53375,21.761349,25.885518
path309,78.9,613.5,18.6,23.9
ellipse311,97.521663,620.44471,22.833955,19.40111
ellipse313,97.521663,620.44471,22.833955,19.40111
ellipse315,97.850944,620.78229,22.135593,18.581946
path317,98.8,622.1,20.4,15.9
ellipse319,75.753442,636.80666,24.174152,17.703852
ellipse321,75.753442,636.80666,24.174152,17.703852
ellipse323,76.095157,637.18435,23.512922,16.805876
path325,76.5,639.3,22.6,12.6
ellipse327,90.613939,629.22281,8.4506579,9.8378386
ellipse329,90.613939,629.22281,8.4506579,9.8378386
ellipse331,90.862616,629.43758,7.9919027,9.4131011
path333,91.4,629.7,6.7,8.9
ellipse335,97.76419,638.53535,8.4506579,9.8378386
ellipse337,97.76419,638.53535,8.4506579,9.8378386
ellipse339,98.009768,638.73501,7.9919027,9.4131011
path341,98.6,639,6.7,8.9
circle343,97.200001,637.59999,2.4000001,2.4000001
circle345,97.200001,637.59999,2.4000001,2.4000001
_x23_woman_x28_stand_x2C_present_x29_,81.200012,519.37633,256.79999,298.32365
ellipse350,81.200012,799.49998,256.79999,18.200001
path359,140.1,519.37633,148.89644,292.93133
path361,257.1,552.57586,12.5,9.0241362
path363,257.1,552.57586,12.5,9.0241362
path365,256.7,535.55743,31.543979,24.24257
polygon367,200.7,561.9,4.7,6.1
path369,205.6,779.19706,14.627737,29.424322
path371,186.64444,780.1,14.377434,32.007655
path373,180.9,684.8,37.8355,117.23636
path375,180.9,684.6,37.6355,117.38056
path377,187.79932,688.16061,33.200684,116.91747
path379,181.7,548.09913,28.7,41.600873
path381,183.17376,548.61111,18.626241,12.788889
path383,178.4,527.2,33.3,33.3
path385,176.1,576.3,41.204018,48.01891
path387,176.1,577.3,41.204018,47.911111
path389,256.7,552.2,6.8,7.6
path391,229.3,552.6,40.4,42.188889
path393,245.80256,579.5,1.09744,7.9
path395,183.4,621,33.9,4.2189103
path397,180.9,684.5,40,9.7185591
path399,171.9,621.9,56.6,71.466667
path401,159.4,640.77678,11.721259,13.22322
path403,159.4,640.77678,11.721259,13.22322
path405,234.4,579.6,6.3,4.2
path407,237.2625,581.67228,4.6439109,9.327718
path409,179.9,609.3,11.5,2.0153388
path411,189.2,591,9.9,6.1375
path413,180.6,611.75858,8.5,1.5669048
path415,199.5,648.092,19.531319,1.6494214
path417,206.7,651.1,14.3,1.5414214
path419,210.5,654.9,11.710785,2.1468179
path421,183.1,658.54903,26,3.1276075
path423,202.94877,562,25.351229,90.6
path425,202.8,561.66604,44.56896,93.549595
path427,171.9,567.6,16.339296,98
path429,161.14801,567.3,26.091286,97.780718
path431,171.3,641.4,7.7015698,9.6
path433,161.58512,640.5,16.81767,10.4
path435,161.58512,640.6,9.814875,9.5
path437,142.08939,583.5,29.110607,70.6
path439,146.7,609.7,9.0385286,6.764053
path441,155.9,596.3,4,12.1
path443,162.6,527.16716,45.1,56.903553
path445,160.27894,519.77633,48.996833,63.494382
path447,166.2,520.5,43.036996,62.570711
