svg317,25.800001,63.751154,962.06949,847.14882
_x23_background,26.722187,63.751154,961.14731,631.79552
g8,26.722187,63.751154,961.14731,631.79552
g6,26.722187,63.751154,961.14731,631.79552
path4,26.722187,63.751154,961.14731,631.79552
_x23_accessory_x28_have_x5B_leaf_x2C_rock_x5D__x29_,25.800001,734.77256,673.76684,176.12742
g33,25.800001,734.77256,673.76684,176.12742
g31,25.800001,734.77256,673.76684,176.12742
g29,25.800001,734.77256,673.76684,176.12742
path11,90.071095,815.54515,39.831008,35.954855
ellipse13,68.000002,848.79998,61.799999,10.6
path15,190.96236,734.77256,22.637638,20.22744
ellipse17,178.5,753.6,35,5.8000002
path19,40.81418,749.76082,26.988861,24.439183
ellipse21,25.800001,772.5,42.200001,7
ellipse23,623.69998,900.29998,61.799999,10.6
path25,633.8,871.77849,65.766837,33.330163
path27,633.8,881.3,65.703549,23.808657
_x23_man_x28_stand_x2C_hold_x5B_puzzle_x5D__x29_,251.10001,180.5,686.49749,684.90001
g314,251.10001,180.5,686.49749,684.90001
g312,251.10001,180.5,686.49749,684.90001
g310,251.10001,180.5,686.49749,684.90001
path36,664.55072,440.38357,55.949277,25.516429
path38,702.9,442.2,17.6,23.7
polygon40,656.5,547.1,4.6,5
polygon42,656.5,547.1,4.6,5
g145,251.10001,180.5,686.49749,676.76022
ellipse44,251.10001,810.6,364.20001,25.799999
g54,273.1,184.5,329.6,635.9
path46,276.4,559.2,209,261.2
path48,273.1,185,212.6,421.3
path50,442.8,184.5,159.9,205.9
path52,441.6,559.3,149,260.7
path56,277.6,605.7,157.8,210.5
path58,296.9,554.9,189.6,244.6
rect60,274.10001,386.29999,3.0999999,5
rect62,279.79999,386.29999,16.799999,5
rect64,277.20001,386.29999,2.5999999,5
path66,441.6,607.7,0,0
path68,274.1,391.2,3.1,24.2
path70,277.2,391.2,19.4,210.9
path72,277.2,391.2,2.6,24.2
path74,296.4,340.5,190.4,261.7
path76,277.7,370.8,2.6,15.4
path78,274.7,264.9,3,25.5
path80,274.5,311.5,3.2,44.3
path82,274.7,371.2,3.1,15.4
path84,277.7,180.9,157.8,205.7
path86,277.7,264.9,2.3,25.5
path88,277.6,311.5,2.8,44.3
path90,296.9,197.1,189.8,189.4
path92,404.2,199.9,31.3,8.9
path94,592.8,322.49416,7,63.905839
rect96,443.79999,180.5,8.3000002,18.6
rect98,443.79999,208.39999,8.3000002,13.5
rect100,443.79999,199.10001,8.3000002,9.3000002
path102,599.2,325,4.3063243,61.3
path104,451.1,180.5,148,205.8
path106,443.8,197,135.6,189.4
path108,451.1,199.1,5.1,9.3
ellipse110,462.60001,198.9,10.2,10.2
path112,572.3,567,3.3,30.6
rect114,572.29999,601.5,19.299999,4.4000001
path116,560.19622,587.2,12.303783,18.7
path118,568.2,597.5,4.1,4
path120,572.3,567,3.3,20.3
path122,442.7,605.9,149,210
path124,442.8,555.3,129.6,244.1
path133,570.9,199.58477,366.6975,657.67545
path135,578.2,302.48318,188.6,249.61682
g141,578.2,302.58318,202,265.31682
path137,578.2,302.58318,202,265.31682
path139,759.5,315.3,11.617198,28.9
path143,579,298.48397,188.8,249.71603
g308,682.5,202.35831,252.01982,663.04171
ellipse147,682.5,823.00001,246,42.400002
path156,757.3,309,13.015668,33.2
path158,701.62725,322.1,111.37275,150.79063
path160,701.62725,322.1,111.37275,150.79063
path162,818.0185,795.9,50.141309,60.760218
path164,817.92946,821,50.230344,35.660218
path166,846.8,823.7,6.7,5.0001424
rect168,774.85732,357.77584,5.4006302,5.90631
rect170,755.97327,353.01239,15.09163,8.37331
rect172,769.8258,356.49439,6.1759099,6.10367
path174,749.44773,344.2,10.152273,13.6
path176,772,362.6,6.9,11.168915
path178,759.4,315.2,11.715668,28.9
path180,703.6,357.8,68.3,210.2
path182,767.73145,361.3,7.1685483,11.9
path184,756.5,352.3,0.9,0.6
rect186,775.81402,353.75364,5.4006302,5.90631
rect188,756.93037,348.99019,15.09163,8.37331
rect190,770.7972,352.43479,6.1759099,6.10367
path192,750.54773,340.3,10.152273,13.6
path194,773.1,358.6,7,11.168915
path196,760.4,311.3,11.757823,28.9
path198,704.7,353.8,68.3,210.1
path200,768.63109,357.3,7.0689147,11.9
path202,757.6,348.3,0.9,0.6
path204,742.70037,486.9,156.19963,320.69926
path206,828.93604,255.3012,57.677479,71.098799
path208,829.12984,255.12669,41.070162,38.073313
path210,801.8,222.2,70,70
path212,768,486.8,131,59.3
path214,760.96739,281.35,146.83478,262.45
path216,844,282.35,42.7,39.95
path218,844,281.25,42.7,39.85
path220,830.6,308.11818,14.2,12.178414
path222,830,306.90294,13.8,11.610848
circle224,837.10002,330.2,4.5999999,4.5999999
circle226,819.7,392.09999,4.5999999,4.5999999
circle228,799.99999,454.80001,4.5999999,4.5999999
circle230,799.40001,523.10002,4.5999999,4.5999999
circle232,826.90001,359.40001,4.5999999,4.5999999
circle234,811.40001,423.09999,4.5999999,4.5999999
circle236,796.29998,485.7,4.5999999,4.5999999
circle238,799.79998,530.79998,4.5999999,4.5999999
path240,835.48183,296.92526,97.93799,228.00471
path242,836.78183,296.92526,97.73799,228.00471
path244,879.67834,330.5,15.821659,30.2
path246,853.6,360.4,19.1,67.6
path248,868.2,478.2,20.200303,32.101765
path250,889.6,470.7,11.588407,21.069475
path252,776.69403,303.24623,63.605973,174.25026
path254,775.59403,303.24623,64.705973,174.25026
path256,735.0556,414.38673,52.444397,33.633416
path258,802.09889,553.4,23.201108,70.2
path260,842.88873,674.53057,33.611268,7.2326328
path262,862.3,684.8,18.641351,16.992217
path264,786,672.3,7.6628935,3.3797472
path266,772.4,675.6,26.403778,16.159576
path268,849.62875,756.12322,23.171254,8.5305248
path270,846.49051,773,13.309487,7.8941687
path272,846.29354,784.94179,20.806461,10.371946
path274,778.2,777.31788,28.1,3.3821209
path276,778.51325,782.61337,8.186749,2.0877389
path278,829.5,820.3,4.9,5
path280,724.175,787.4431,91.530197,51.975111
path282,724.2,817,91.505197,22.418209
path284,765.5,811.1,7.1,12.6
path286,803.2,222.31127,68.531464,49.088732
path288,784.43216,202.35831,95.664335,73.206998
path290,778.6696,338.32057,151.2304,129.15418
path292,779.8696,338.32057,151.2304,129.15418
path294,799.1,432.9,5.5907458,18.171434
path296,858.3,429.8,13.112819,17.659846
path298,877.9,425.2,9.1225333,11.801917
path300,878.6,415.7,13.696889,7.6214306
g306,784.35858,229.9,95.793658,45.665306
path302,845.3383,236.2,34.813941,39.365306
path304,784.35858,229.9,60.980652,38.450036
