图层_1,13.789875,165.22378,977.34615,673.67622
_x23_background,13.789875,165.22378,977.34615,648.80558
g8,13.789875,165.22378,977.34615,648.80558
g6,13.789875,165.22378,977.34615,648.80558
path4,13.789875,165.22378,977.34615,648.80558
g280,92.6,170.4,747.4,668.5
_x23_accessory_x28_have_x5B_leaf_x5D__x29__1_,201.9,170.4,84.2,341.8
path11,266.4,489.3977,17.8,6.1545001
path13,262.75607,490.4,6.026753,18
path15,257.1,473.97616,21.6,9.9258571
path17,248.98922,477.4,10.37745,20.60187
path19,248.2,452.77574,22.1,13.801946
path21,239.4,434.19347,25.5,13.963103
path23,234.3,415.86615,27.1,12.376623
path25,229.6,396.8625,26.4,12.847318
path27,227.9,376.27498,25.2,15.962927
path29,227.4,357.05965,25.7,15.614804
path31,228.6,335.94255,25.5,18.8952
path33,230.4,315.2909,24.9,21.709103
path35,234.1,296.71549,24.4,21.38451
path37,238.8,277.59825,21.2,19.801746
path39,242.6,256.19853,18.8,22.001468
path41,246,235.9,16.7,21.5
path43,247.2,206.5,8.6975895,36.4
path45,243.7,178.5,7.2059647,36.9
path47,229.3,461.37372,20.6,15.988415
path49,218.5,441.70579,22.5,17.616597
path51,206.7,421.3365,27.6,12.007193
path53,202.6,401.25246,27.1,11.869833
path55,201.9,378.56688,26.1,14.743173
path57,202.1,358.00531,26.2,15.083224
path59,209.5,330.09428,20.7,24.405723
path61,214.2,308.77655,17.1,28.223455
path63,217.9,290.5,18.4,26.9
path65,229.08041,269.5,11.019592,27.4
path67,230.9,251.2,12.2,26.4
path69,238.36122,232.4,8.8387755,26.2
path71,236.91738,206.4,11.182615,35.6
path73,226.9,184.6,22.3,29.8
path75,221.2,170.4,23.1,29
path77,242.8,197.4,6.366593,60.2
path79,229.8,255,16.6,82.9
path81,226.40552,335.1,59.694476,177.1
_x23_accessory_x28_have_x5B_leaf_x5D__x29_,92.6,251.8986,163.4,309.7014
path84,231,540.22621,17.8,6.5751571
path86,229.516,544.3,6.8224,17.3
path88,218.3,527.65031,20.50192,10.487132
path90,213.33686,534.7,10.062421,21.6
path92,205.2656,508.68188,18.897819,17.21812
path94,191.1,493.42248,22.801941,16.977521
path96,180.6,477.06815,24.5,15.731849
path98,170.5,460.39943,23.7,16.12925
path100,163.9,441.00871,21.1,20.191294
path102,157.5,422.86199,22.1,19.219129
path104,153.3,400.79964,20.2,25.000358
path106,150.4,380.73535,18.1,27.564649
path108,148.4,361.6,17.5,27.6
path110,146.3,342.8,15.3,25.1
path112,144.6,321.7,11.9,26.5
path114,140.8,302.2,10.9,25.4
path116,135.5,276.4,6.6326291,37
path118,116.6,253,15.927851,33.7
path120,191.24044,522.47978,16.859564,19.159976
path122,175.61734,506.1,18.282664,21.550106
path124,155.9,490.18395,26,14.384682
path126,145.8,472.58493,25.7,13.520458
path128,137.1,452.80734,27.7,12.585026
path130,131.4,432.95247,27.6,12.955947
path132,128.9,406.97085,25.9,18.393262
path134,127.2,385.53183,23.9,22.568171
path136,125.2,367.23924,25.3,20.460756
path138,129.7,344.19963,17.7,23.300374
path140,126,326.19852,18.9,21.801475
path142,127.6,306,14.9,23
path144,118.6,281.7,21.1,30.7
path146,102.4,263.7,30.2,21.8
path148,92.6,251.8986,30.4,21.1014
path150,121.7,271.2,20.8,56.8
path152,141.2,325.4,10.7,83.7
path154,150.4,406.5,105.6,152.8
_x23_chart_x28_have_x5B_list_x2C_paper_x5D__x29_,177,240.79998,599.4,598.10002
path157,177,394.2,440.9,444.7
path159,178.7,388.3,440.9,444.7
path161,209.1,388.3,410.5,410.13881
path163,197.2,352.1,485.5,442.68605
path165,272.5,352.1,407.2,373.17195
path167,254.7,240.79998,521.7,473.35214
path169,395,593.4,185.4,116.9
path171,338.3,320.6,173.6,56.5
path173,338.2,391.1,185.6,63.5
path175,348.4,425.5,185.6,63.6
path177,357.8,462.6,185.6,63.6
path179,368.9,494.4,185.6,63.6
path181,379.1,528.9,185.6,63.6
rect183,534.87357,367.80806,32.35695,32.35695
rect185,548.5763,403.82155,32.35695,32.35695
rect187,570.66607,472.83282,32.35695,32.35695
rect189,583.25853,509.82244,32.35695,32.35695
rect191,559.85871,441.01654,32.35695,32.35695
path193,539.02649,361.72649,24.047013,24.428558
path195,564.02649,432.92649,24.089345,24.401337
path197,552.72649,397.92649,24.047013,24.345642
path199,574.82649,465.02649,24.047013,24.401337
_x23_woman_x28_bend_x2C_write_x29_,600.3,354.03939,239.7,408.62683
path209,638.71762,354.03939,201.28238,408.62683
path211,729.1,603.40683,77.845943,132.99317
path213,729.2,603.30683,77.90581,133.09317
path215,729.1,723.8,46.2,12.7
path217,716.16491,722.08125,62.023981,19.545897
path219,699.2,605.76594,87.801555,150.43406
path221,699.3,741.8,52,14.3
path223,684.63055,740.1125,70.10278,22.060566
path225,743.7,603.10683,63.321729,20.79317
path227,743.5,540.4,88.5,80.6
g233,743.4,540.4,88.565685,80.9
path229,743.4,618.26905,33.7,3.0309538
path231,781.2,540.4,50.765685,78
path235,643.51707,498.51439,26.382926,19.59536
path237,665.5,495.4,64.7,29.1
path239,665.5,495.4,64.7,29.1
path241,668.52145,539.56811,30.278551,18.261405
path243,701.57257,463.14753,21.127425,46.852472
path245,654.77534,379.67534,61.22466,61.12466
path247,733.4,540.6,98.8,98
path249,696.4,421.56251,139,214.03749
path251,751.8,491.1,44.2,27.7
path253,761.6,526,4.6712803,43.738874
path255,731.8,536.5,28.326007,99
path257,696.5,432.49034,54.047877,100.90966
path259,688.58639,431.03125,59.053924,125.96875
path261,654.68934,379.58934,123.71066,89.998618
path263,648.61895,358.36252,129.78105,108.25247
g269,648.50435,398.8,129.79565,67.65757
path265,772.8,441.3,3.2145915,7.9
path267,648.50435,398.8,129.79565,67.65757
path271,600.3,490.96206,86.436752,37.737944
path273,600.3,492,86.384811,36.8
polygon275,600.3,516.7,14.5,12
path277,600.3,523.6,4.425,4
