svg1002,14.709612,72.761553,966.66131,845.54316
_x23_background,14.709612,72.761553,876.43293,576.16699
path4,14.709612,72.761553,876.43293,576.16699
_x23_man_x28_sit_x5F_on_x5B_chair_x5D__x2C_have_x5B_desk_x5D__x29_,181.18448,270.59981,800.18644,647.7049
g999,181.18448,270.59981,800.18644,647.7049
g997,181.18448,270.59981,800.18644,647.7049
g995,181.18448,270.59981,800.18644,647.7049
path7,407.6,270.59981,173.3,259.80019
path9,407.6,270.59981,173.3,259.80019
path11,410.1,274.4,168,252.2
path13,430.99558,305.7,126.30442,209.7
circle15,596.10001,697.69999,19.200001,19.200001
circle17,578.99998,735.19999,19.200001,19.200001
circle19,408.29999,741.9,19.200001,19.200001
circle21,370.29999,693.19999,19.200001,19.200001
rect23,487.70001,538.59998,12,74.800003
rect25,487.70001,601.29999,12,12.1
rect27,485.39999,604.09998,16.6,83
path29,364.5,682.1,126,17.4
path31,490.7,682.1,126,17.4
path33,400.90026,681.9,199.99974,74.1
path35,487.7,538.5,12,8.2
ellipse37,449.90001,518.00002,88.400002,25.799999
path39,450.3,518,88.1,25.8
path41,450.3,518,88.1,25.8
path43,450,518.1987,88.1,17.001296
path45,419.5,504.3,151.8,22.3
path47,450.3,518,88.1,18.987784
path49,398.9,506.3,191.3,28.75
path51,538.3,657.7,55.515585,41.793907
path53,448,519.8,106.7,148.9
path55,514.78889,520.9,107.24882,162.97663
path57,478.9,520.9,144.23771,162.97663
path59,478.3,346.49913,58.71394,80.205692
path61,486.7,346.59913,47,30.850758
path63,478.3,308.4995,67.700491,67.700988
path65,477.5,385,72,153.1
path67,471,387.2,78.5,153.3
path69,471,386.1,78.5,153.3
path71,533,374.32154,86.652,176.70682
path73,534.1,374.32154,86.630274,176.80682
path75,581.27179,425.9,15.028209,8.4613491
path77,578.47602,411.8,8.7239794,7.9056061
path79,568.02222,402.2,5.2097304,46.9
path81,428.2,367.78861,80.434372,236.87523
path83,427,367.78861,80.434372,236.87467
path85,419.97752,412.2,58.722476,82.9
path87,506.20946,661,35.327545,70.987783
path89,478.3,308.44548,60,57.154521
path91,455.95743,278.06047,89.50593,90.663297
g103,455.7,297.1,89.363363,71.823769
path93,465,297.1,0.6,2.3
path95,536.04026,303.4,9.0231072,21.1
path97,471,353,18.406935,15.923769
path99,455.7,331.1,13.9,18
path101,485.9918,312.99098,51.872263,36.009017
path105,427.3,457.9,51.3,37.1
path107,426.1,457.9,51.3,37.1
path109,475.78146,565.73245,29.618536,3.8933748
path111,566.33345,593.8,11.866552,12.283245
path113,516.48233,707.37889,18.817667,2.1382818
path115,388.7,712.3,441.8,192.9
path117,646.66345,712.3,173.63655,94.7
polygon119,687,545.4,165.4,261.6
path121,181.18448,466.34078,726.21552,353.95922
path123,646.46345,738.4,17.024136,40.5
path125,241.1,582.5,203.6,328.9
polygon127,436.5,579.5,8.2,318.1
polygon129,687,545.4,165.4,261.6
polygon131,436.5,579.5,8.2,318.1
path133,290.5,582.4,154.2,94.8
path135,820.4,532.1,149.1,279.8
path137,445.49575,463.85708,125.83,34.066459
path139,483.05058,463.85708,88.475171,26.662053
path141,482.95058,454.55246,126.05288,33.823975
path143,579.58877,446.8,36.011228,43.016241
path145,418.77752,412.2,58.722476,82.9
path147,427.76864,432.1,27.131364,10.833664
path149,425.63761,457.5,13.662389,10.509298
path151,427.3,459,51.3,37.1
path153,582.09965,395,42.300347,120.84481
ellipse155,581.50001,389.89999,43.400002,10
g187,583.5,441.5,39.5,4.6000061
circle157,622,441.5,1,1
circle159,619.5,442.10001,1,1
circle161,616.59998,443,1,1
circle163,611.20001,444.20001,1,1
circle165,605.59998,444.79999,1,1
circle167,599.79999,445.10001,1,1
circle169,591.40002,444,1,1
circle171,594.20001,444.70001,1,1
circle173,586.20001,443,1,1
circle175,588.70001,443.5,1,1
circle177,583.5,442.10001,1,1
circle179,613.79999,443.70001,1,1
circle181,608.29999,444.70001,1,1
circle183,602.29999,445.10001,1,1
circle185,596.90002,445.10001,1,1
g219,583.5,443.79999,39.5,4.7000122
circle189,622,443.79999,1,1
circle191,619.5,444.39999,1,1
circle193,616.59998,445.29999,1,1
circle195,611.20001,446.5,1,1
circle197,605.59998,447.29999,1,1
circle199,599.79999,447.5,1,1
circle201,591.40002,446.29999,1,1
circle203,594.20001,447,1,1
circle205,586.20001,445.29999,1,1
circle207,588.70001,445.79999,1,1
circle209,583.5,444.39999,1,1
circle211,613.79999,446,1,1
circle213,608.29999,447,1,1
circle215,602.29999,447.5,1,1
circle217,596.90002,447.5,1,1
g251,583.5,446,39.5,4.7999878
circle221,622,446,1,1
circle223,619.5,446.79999,1,1
circle225,616.59998,447.70001,1,1
circle227,611.20001,448.89999,1,1
circle229,605.59998,449.5,1,1
circle231,599.79999,449.79999,1,1
circle233,591.40002,448.70001,1,1
circle235,594.20001,449.29999,1,1
circle237,586.20001,447.70001,1,1
circle239,588.70001,448.20001,1,1
circle241,583.5,446.79999,1,1
circle243,613.79999,448.39999,1,1
circle245,608.29999,449.29999,1,1
circle247,602.29999,449.79999,1,1
circle249,596.90002,449.79999,1,1
g283,583.5,448.39999,39.5,4.7000122
circle253,622,448.39999,1,1
circle255,619.5,449.10001,1,1
circle257,616.59998,450,1,1
circle259,611.20001,451.20001,1,1
circle261,605.59998,451.79999,1,1
circle263,599.79999,452.10001,1,1
circle265,591.40002,451,1,1
circle267,594.20001,451.60001,1,1
circle269,586.20001,450,1,1
circle271,588.70001,450.5,1,1
circle273,583.5,449.10001,1,1
circle275,613.79999,450.70001,1,1
circle277,608.29999,451.60001,1,1
circle279,602.29999,452.10001,1,1
circle281,596.90002,452.10001,1,1
g315,583.5,450.70001,39.5,4.7999878
circle285,622,450.70001,1,1
circle287,619.5,451.39999,1,1
circle289,616.59998,452.29999,1,1
circle291,611.20001,453.60001,1,1
circle293,605.59998,454.20001,1,1
circle295,599.79999,454.5,1,1
circle297,591.40002,453.39999,1,1
circle299,594.20001,454,1,1
circle301,586.20001,452.29999,1,1
circle303,588.70001,452.89999,1,1
circle305,583.5,451.39999,1,1
circle307,613.79999,453.10001,1,1
circle309,608.29999,454,1,1
circle311,602.29999,454.5,1,1
circle313,596.90002,454.5,1,1
g347,583.5,453.10001,39.5,4.6999817
circle317,622,453.10001,1,1
circle319,619.5,453.79999,1,1
circle321,616.59998,454.70001,1,1
circle323,611.20001,455.89999,1,1
circle325,605.59998,456.5,1,1
circle327,599.79999,456.79999,1,1
circle329,591.40002,455.70001,1,1
circle331,594.20001,456.29999,1,1
circle333,586.20001,454.70001,1,1
circle335,588.70001,455.20001,1,1
circle337,583.5,453.79999,1,1
circle339,613.79999,455.39999,1,1
circle341,608.29999,456.29999,1,1
circle343,602.29999,456.79999,1,1
circle345,596.90002,456.79999,1,1
g379,583.5,455.39999,39.5,4.8000183
circle349,622,455.39999,1,1
circle351,619.5,456.10001,1,1
circle353,616.59998,457,1,1
circle355,611.20001,458.29999,1,1
circle357,605.59998,458.89999,1,1
circle359,599.79999,459.20001,1,1
circle361,591.40002,458.10001,1,1
circle363,594.20001,458.70001,1,1
circle365,586.20001,457,1,1
circle367,588.70001,457.5,1,1
circle369,583.5,456.10001,1,1
circle371,613.79999,457.70001,1,1
circle373,608.29999,458.70001,1,1
circle375,602.29999,459.20001,1,1
circle377,596.90002,459.20001,1,1
g411,583.5,457.70001,39.5,4.7999878
circle381,622,457.70001,1,1
circle383,619.5,458.5,1,1
circle385,616.59998,459.39999,1,1
circle387,611.20001,460.60001,1,1
circle389,605.59998,461.20001,1,1
circle391,599.79999,461.5,1,1
circle393,591.40002,460.39999,1,1
circle395,594.20001,461,1,1
circle397,586.20001,459.39999,1,1
circle399,588.70001,459.89999,1,1
circle401,583.5,458.5,1,1
circle403,613.79999,460.10001,1,1
circle405,608.29999,461,1,1
circle407,602.29999,461.5,1,1
circle409,596.90002,461.5,1,1
g443,583.5,460.10001,39.5,4.7999878
circle413,622,460.10001,1,1
circle415,619.5,460.79999,1,1
circle417,616.59998,461.70001,1,1
circle419,611.20001,462.89999,1,1
circle421,605.59998,463.5,1,1
circle423,599.79999,463.89999,1,1
circle425,591.40002,462.60001,1,1
circle427,594.20001,463.29999,1,1
circle429,586.20001,461.70001,1,1
circle431,588.70001,462.20001,1,1
circle433,583.5,460.79999,1,1
circle435,613.79999,462.39999,1,1
circle437,608.29999,463.29999,1,1
circle439,602.29999,463.89999,1,1
circle441,596.90002,463.89999,1,1
g475,583.5,462.39999,39.5,4.8000183
circle445,622,462.39999,1,1
circle447,619.5,463.10001,1,1
circle449,616.59998,464.10001,1,1
circle451,611.20001,465.20001,1,1
circle453,605.59998,465.89999,1,1
circle455,599.79999,466.20001,1,1
circle457,591.40002,465.10001,1,1
circle459,594.20001,465.70001,1,1
circle461,586.20001,464.10001,1,1
circle463,588.70001,464.60001,1,1
circle465,583.5,463.10001,1,1
circle467,613.79999,464.79999,1,1
circle469,608.29999,465.70001,1,1
circle471,602.29999,466.20001,1,1
circle473,596.90002,466.20001,1,1
g507,583.5,464.79999,39.5,4.7000122
circle477,622,464.79999,1,1
circle479,619.5,465.5,1,1
circle481,616.59998,466.39999,1,1
circle483,611.20001,467.5,1,1
circle485,605.59998,468.20001,1,1
circle487,599.79999,468.5,1,1
circle489,591.40002,467.29999,1,1
circle491,594.20001,468,1,1
circle493,586.20001,466.39999,1,1
circle495,588.70001,466.89999,1,1
circle497,583.5,465.5,1,1
circle499,613.79999,467.10001,1,1
circle501,608.29999,468,1,1
circle503,602.29999,468.5,1,1
circle505,596.90002,468.5,1,1
g539,583.5,467.10001,39.5,4.7999878
circle509,622,467.10001,1,1
circle511,619.5,467.79999,1,1
circle513,616.59998,468.70001,1,1
circle515,611.20001,469.89999,1,1
circle517,605.59998,470.60001,1,1
circle519,599.79999,470.89999,1,1
circle521,591.40002,469.70001,1,1
circle523,594.20001,470.39999,1,1
circle525,586.20001,468.70001,1,1
circle527,588.70001,469.20001,1,1
circle529,583.5,467.79999,1,1
circle531,613.79999,469.5,1,1
circle533,608.29999,470.39999,1,1
circle535,602.29999,470.89999,1,1
circle537,596.90002,470.89999,1,1
g571,583.5,469.5,39.5,4.7000122
circle541,622,469.5,1,1
circle543,619.5,470.20001,1,1
circle545,616.59998,471.10001,1,1
circle547,611.20001,472.20001,1,1
circle549,605.59998,472.89999,1,1
circle551,599.79999,473.20001,1,1
circle553,591.40002,472,1,1
circle555,594.20001,472.70001,1,1
circle557,586.20001,471.10001,1,1
circle559,588.70001,471.60001,1,1
circle561,583.5,470.20001,1,1
circle563,613.79999,471.79999,1,1
circle565,608.29999,472.70001,1,1
circle567,602.29999,473.20001,1,1
circle569,596.90002,473.20001,1,1
g603,583.5,471.79999,39.5,4.8000183
circle573,622,471.79999,1,1
circle575,619.5,472.5,1,1
circle577,616.59998,473.39999,1,1
circle579,611.20001,474.5,1,1
circle581,605.59998,475.29999,1,1
circle583,599.79999,475.60001,1,1
circle585,591.40002,474.29999,1,1
circle587,594.20001,475.10001,1,1
circle589,586.20001,473.39999,1,1
circle591,588.70001,473.89999,1,1
circle593,583.5,472.5,1,1
circle595,613.79999,474.10001,1,1
circle597,608.29999,475.10001,1,1
circle599,602.29999,475.60001,1,1
circle601,596.90002,475.60001,1,1
g635,583.5,474.10001,39.5,4.7999878
circle605,622,474.10001,1,1
circle607,619.5,474.79999,1,1
circle609,616.59998,475.79999,1,1
circle611,611.20001,476.89999,1,1
circle613,605.59998,477.60001,1,1
circle615,599.79999,477.89999,1,1
circle617,591.40002,476.70001,1,1
circle619,594.20001,477.39999,1,1
circle621,586.20001,475.79999,1,1
circle623,588.70001,476.29999,1,1
circle625,583.5,474.79999,1,1
circle627,613.79999,476.39999,1,1
circle629,608.29999,477.39999,1,1
circle631,602.29999,477.89999,1,1
circle633,596.90002,477.89999,1,1
g667,583.5,476.5,39.5,4.7000122
circle637,622,476.5,1,1
circle639,619.5,477.20001,1,1
circle641,616.59998,478.10001,1,1
circle643,611.20001,479.20001,1,1
circle645,605.59998,479.89999,1,1
circle647,599.79999,480.20001,1,1
circle649,591.40002,479,1,1
circle651,594.20001,479.70001,1,1
circle653,586.20001,478.10001,1,1
circle655,588.70001,478.5,1,1
circle657,583.5,477.20001,1,1
circle659,613.79999,478.79999,1,1
circle661,608.29999,479.70001,1,1
circle663,602.29999,480.20001,1,1
circle665,596.90002,480.20001,1,1
g699,583.5,478.79999,39.5,4.7000122
circle669,622,478.79999,1,1
circle671,619.5,479.39999,1,1
circle673,616.59998,480.39999,1,1
circle675,611.20001,481.60001,1,1
circle677,605.59998,482.29999,1,1
circle679,599.79999,482.5,1,1
circle681,591.40002,481.39999,1,1
circle683,594.20001,482.10001,1,1
circle685,586.20001,480.39999,1,1
circle687,588.70001,481,1,1
circle689,583.5,479.39999,1,1
circle691,613.79999,481.10001,1,1
circle693,608.29999,482.10001,1,1
circle695,602.29999,482.5,1,1
circle697,596.90002,482.5,1,1
g731,583.5,481.20001,39.5,4.5999756
circle701,622,481.20001,1,1
circle703,619.5,481.79999,1,1
circle705,616.59998,482.79999,1,1
circle707,611.20001,483.89999,1,1
circle709,605.59998,484.60001,1,1
circle711,599.79999,484.79999,1,1
circle713,591.40002,483.70001,1,1
circle715,594.20001,484.39999,1,1
circle717,586.20001,482.79999,1,1
circle719,588.70001,483.20001,1,1
circle721,583.5,481.79999,1,1
circle723,613.79999,483.39999,1,1
circle725,608.29999,484.39999,1,1
circle727,602.29999,484.79999,1,1
circle729,596.90002,484.79999,1,1
g763,583.5,483.5,39.5,4.7000122
circle733,622,483.5,1,1
circle735,619.5,484.10001,1,1
circle737,616.59998,485.10001,1,1
circle739,611.20001,486.20001,1,1
circle741,605.59998,487,1,1
circle743,599.79999,487.20001,1,1
circle745,591.40002,486,1,1
circle747,594.20001,486.79999,1,1
circle749,586.20001,485.10001,1,1
circle751,588.70001,485.5,1,1
circle753,583.5,484.10001,1,1
circle755,613.79999,485.70001,1,1
circle757,608.29999,486.79999,1,1
circle759,602.29999,487.20001,1,1
circle761,596.90002,487.20001,1,1
g795,583.5,485.79999,39.5,4.7000122
circle765,622,485.79999,1,1
circle767,619.5,486.5,1,1
circle769,616.59998,487.5,1,1
circle771,611.20001,488.60001,1,1
circle773,605.59998,489.29999,1,1
circle775,599.79999,489.5,1,1
circle777,591.40002,488.39999,1,1
circle779,594.20001,489.10001,1,1
circle781,586.20001,487.5,1,1
circle783,588.70001,487.89999,1,1
circle785,583.5,486.5,1,1
circle787,613.79999,488.10001,1,1
circle789,608.29999,489.10001,1,1
circle791,602.29999,489.5,1,1
circle793,596.90002,489.5,1,1
g827,583.5,488.20001,39.5,4.5999756
circle797,622,488.20001,1,1
circle799,619.5,488.79999,1,1
circle801,616.59998,489.79999,1,1
circle803,611.20001,490.89999,1,1
circle805,605.59998,491.60001,1,1
circle807,599.79999,491.79999,1,1
circle809,591.40002,490.70001,1,1
circle811,594.20001,491.39999,1,1
circle813,586.20001,489.79999,1,1
circle815,588.70001,490.20001,1,1
circle817,583.5,488.79999,1,1
circle819,613.79999,490.39999,1,1
circle821,608.29999,491.39999,1,1
circle823,602.29999,491.79999,1,1
circle825,596.90002,491.79999,1,1
g859,583.5,490.5,39.5,4.7000122
circle829,622,490.5,1,1
circle831,619.5,491.10001,1,1
circle833,616.59998,492.20001,1,1
circle835,611.20001,493.29999,1,1
circle837,605.59998,494,1,1
circle839,599.79999,494.20001,1,1
circle841,591.40002,493.10001,1,1
circle843,594.20001,493.79999,1,1
circle845,586.20001,492.20001,1,1
circle847,588.70001,492.60001,1,1
circle849,583.5,491.10001,1,1
circle851,613.79999,492.79999,1,1
circle853,608.29999,493.79999,1,1
circle855,602.29999,494.20001,1,1
circle857,596.90002,494.20001,1,1
g891,583.5,492.89999,39.5,4.6000061
circle861,622,492.89999,1,1
circle863,619.5,493.5,1,1
circle865,616.59998,494.5,1,1
circle867,611.20001,495.60001,1,1
circle869,605.59998,496.29999,1,1
circle871,599.79999,496.5,1,1
circle873,591.40002,495.39999,1,1
circle875,594.20001,496.10001,1,1
circle877,586.20001,494.5,1,1
circle879,588.70001,494.89999,1,1
circle881,583.5,493.5,1,1
circle883,613.79999,495.10001,1,1
circle885,608.29999,496.10001,1,1
circle887,602.29999,496.5,1,1
circle889,596.90002,496.5,1,1
g923,583.5,495.20001,39.5,4.6999817
circle893,622,495.20001,1,1
circle895,619.5,495.79999,1,1
circle897,616.59998,496.70001,1,1
circle899,611.20001,498,1,1
circle901,605.59998,498.70001,1,1
circle903,599.79999,498.89999,1,1
circle905,591.40002,497.79999,1,1
circle907,594.20001,498.39999,1,1
circle909,586.20001,496.70001,1,1
circle911,588.70001,497.20001,1,1
circle913,583.5,495.79999,1,1
circle915,613.79999,497.39999,1,1
circle917,608.29999,498.39999,1,1
circle919,602.29999,498.89999,1,1
circle921,596.90002,498.89999,1,1
polygon925,687,483.4,69.3,15.9
polygon927,686.9,482.2,69.3,15.8
path929,725.2,485.15076,9.6,1.5597017
path931,723.7,486.05076,9.6,1.5597017
path933,720.5,487.85076,9.6,1.5597017
path935,790.46123,478,13.239387,18.1
path937,795.19922,469.9,13.400776,25.2
path939,801.36825,463.7,9.5269677,32.474433
path941,814.6,478,15.803098,18.1
path943,809.7,469.9,16.300602,25.2
path945,807.39254,463.8,11.907463,32.290865
path947,805.57741,453.3,8.5925126,42.571189
path949,790.46123,478,13.239387,18.1
path951,795.19922,469.9,13.400776,25.2
path953,801.36825,463.7,9.5269677,32.474433
path955,814.6,478,15.803098,18.1
path957,809.7,469.9,16.300602,25.2
path959,807.39254,463.8,11.907463,32.290865
path961,805.57741,453.3,8.5925126,42.571189
path963,790.71498,478,14.385582,18.1
path965,795.29932,469.9,14.800678,25.2
path967,801.2,477.1,8.9,17.9
path969,801.75982,463.7,10.577065,32.474433
path971,816.09944,478,14.385582,18.1
path973,811.2,469.9,14.800678,25.2
path975,811,477.1,8.9,17.9
path977,808.99254,463.8,10.518291,32.290865
path979,805.91415,472.8,6.4227332,23
path981,809.1,472.1,6.7515754,23.7125
path983,806.64444,453.3,8.4296137,42.571189
polygon985,797.2,497.2,27.3,15.1
polygon987,797.2,497.2,27.3,3.2
rect989,792.20001,493.60001,37,6.0999999
path991,820.4,545.4,146.1,268.7
path993,215.40354,515.02836,765.96739,403.27635
