svg412,9.0413793,165,983.85862,663.2
switch410,9.0413793,165,983.85862,663.2
g408,9.0413793,165,983.85862,663.2
_x23_other_x28_have_x5B_window_x2C_plant_x2C_building_x5D__x29_,9.0413793,165,983.85862,663.2
g283,9.0413793,165,983.85862,663.2
g281,9.0413793,165,983.85862,663.2
g279,9.0413793,165,983.85862,663.2
g209,9.0413793,165,983.85862,663.2
g139,9.0413793,165,983.85862,663.2
path4,20.1,624.47293,970,203.72707
path6,9.0413793,165.11643,983.85862,547.75935
path15,9.0413793,165.11643,983.85862,547.75935
path17,58.563932,279.5,905.98447,11.4
circle19,219.6,225.1,6.8000002,6.8000002
circle21,113.2,218.49999,6.8000002,6.8000002
circle23,259.20001,227.1,2.8,2.8
circle25,152.20001,223.8,2.8,2.8
circle27,150.8,323.49999,2.8,2.8
path29,59.7,424.9,933.1,288.75918
path31,59.7,424.9,933.1,288.75918
rect33,87.800003,498.79999,25.299999,17.1
rect35,128.3,498.79999,25.299999,17.1
rect37,228.39999,443.70001,25.299999,17.1
rect39,228.39999,482.10001,25.299999,17.1
rect41,228.39999,520.40002,25.299999,17.1
rect43,228.39999,558.70001,25.299999,17.1
rect45,228.39999,597.09998,25.299999,17.1
rect47,228.39999,635.40002,25.299999,17.1
rect49,228.39999,673.79999,25.299999,17.1
rect51,87.800003,543.5,25.299999,17.1
rect53,128.3,543.5,25.299999,17.1
rect55,87.800003,588.29999,25.299999,17.1
rect57,128.3,588.29999,25.299999,17.1
rect59,87.800003,632.90002,25.299999,17.1
rect61,128.3,632.90002,25.299999,17.1
path63,182.5,165,11.4,535.8
path65,9.4,581.7,968.2,11.4
path67,203.26808,614.4244,69.134069,71.975602
path69,203.26808,614.4244,69.134069,71.975602
path71,204.27269,618.25273,13.527307,17.347269
path73,220.25877,614.35045,6.1400629,12.149552
path75,249.51625,615.07077,7.5934415,14.229226
path77,260.3,619.2742,13.315415,14.725802
path79,211.8,625.2,6,10.3
path81,220.3,622.5,3,4
path83,211.77944,623.95128,24.420561,32.748717
path85,253.4,624.8,3.5,4.5
path87,260.3,625.6,5.4,8.5
path89,236.41394,626.13725,29.612653,36.149342
rect91,207.39999,715.79999,41.700001,10.9
rect93,200.8,680.20001,54.400002,38.200001
rect95,207.39999,715.79999,41.700001,10.9
rect97,200.8,680.20001,54.400002,38.200001
rect99,210.2,715.79999,41.700001,10.9
path101,226.2,648.4,10,8.3
path103,236.41394,650.9,13.086061,11.386593
path105,214.1,649.61147,35.447633,36.788532
circle107,218.9,633.10002,2.5999999,2.5999999
circle109,218.80001,639.49999,2.5999999,2.5999999
circle111,258.49999,634.40001,2.5999999,2.5999999
circle113,226.59999,667.2,2.5999999,2.5999999
circle115,255.7,644.99999,2.5999999,2.5999999
circle117,241.5,659.2,2.5999999,2.5999999
circle119,223.59999,635.90001,2.5999999,2.5999999
circle121,254.7,638.49999,2.5999999,2.5999999
circle123,250.09999,649.10002,2.5999999,2.5999999
circle125,235.59999,666.10002,2.5999999,2.5999999
circle127,232.7,659.40001,2.5999999,2.5999999
circle129,225.59999,644.2,2.5999999,2.5999999
rect131,210.2,715.79999,41.700001,4
rect133,203.5,680.20001,54.400002,38.200001
circle135,237.5,672.29998,2.5999999,2.5999999
circle137,229.30001,673.99999,2.5999999,2.5999999
rect141,735.90002,620.40002,25.299999,17.1
rect143,735.90002,672.70001,25.299999,17.1
rect145,825.29999,620.40002,25.299999,17.1
rect147,825.29999,672.70001,25.299999,17.1
path149,741.42311,662.3,22.977248,31.4
path151,749.79601,648.2,23.203994,43.6
path153,760.22306,637.8,16.630876,56.008104
path155,783.2,662.3,27.406331,31.4
path157,774.7,648.2,28.20138,43.6
path159,770.88146,637.8,20.618536,55.967383
path161,767.54857,619.5,14.929277,73.712794
path163,741.42311,662.3,22.977248,31.4
path165,749.79601,648.2,23.203994,43.6
path167,760.22306,637.8,16.630876,56.008104
path169,783.2,662.3,27.406331,31.4
path171,774.7,648.2,28.20138,43.6
path173,770.88146,637.8,20.618536,55.967383
path175,767.54857,619.5,14.929277,73.712794
path177,741.84899,662.3,25.05133,31.4
path179,749.79844,648.2,25.70156,43.6
path181,760.2,660.7,15.3,30.9
path183,760.89472,637.8,18.446093,56.008104
path185,785.7,662.3,25.05101,31.4
path187,777.2,648.2,25.70156,43.6
path189,777.1,660.7,15.4,31
path191,773.38146,637.8,18.312984,55.967383
path193,768.2914,653.4,11.052153,39.8
path195,773.4,652.3,12.0127,40.9075
path197,769.5,619.5,14.596214,73.697384
polygon199,741.9,689.3,63.9,32.4
polygon201,741.9,689.3,63.9,32.4
polygon203,753.3,695.5,47.2,26.2
polygon205,753.3,695.5,47.2,5.6
rect207,744.40002,689.29999,64,10.6
rect211,594,672.70001,25.299999,17.1
rect213,662.5,672.70001,25.299999,17.1
rect215,371.70001,658.09998,126.7,15.2
path217,535.9,251.6,11.4,461
g251,594,463.7,306.9,234.7
g247,594,463.7,256.59999,173.80002
rect219,594,463.70001,25.299999,17.1
rect221,662.5,463.70001,25.299999,17.1
rect223,735.90002,463.70001,25.299999,17.1
rect225,594,515.90002,25.299999,17.1
rect227,662.5,515.90002,25.299999,17.1
rect229,735.90002,515.90002,25.299999,17.1
rect231,594,568.20001,25.299999,17.1
rect233,662.5,568.20001,25.299999,17.1
rect235,735.90002,568.20001,25.299999,17.1
rect237,594,620.40002,25.299999,17.1
rect239,662.5,620.40002,25.299999,17.1
path241,825.2,463.7,18.1,17.1
rect243,825.29999,515.90002,25.299999,17.1
rect245,825.29999,568.20001,25.299999,17.1
path249,889.5,543.5,11.4,154.9
g277,303.4,198.8,617.70001,256.39999
path253,889.6,198.8,11.4,203.2
circle255,809.00002,248.1,2.8,2.8
circle257,325.70001,249.49999,2.8,2.8
circle259,738.69998,246.6,2.8,2.8
circle261,918.30001,250.9,2.8,2.8
polygon263,303.4,366.4,4.7,4.7
polygon265,756.5,321,4.8,4.8
polygon267,355,312.3,4.8,4.7
circle269,355.1,452.39999,2.8,2.8
circle271,680.50002,324.89999,2.8,2.8
circle273,823.89999,392.49999,2.8,2.8
circle275,599.30001,404.70001,2.8,2.8
_x23_woman_x28_sit_x2C__play_x5F_with_x5B_computer_x5D__x29_,282.1491,283.9455,423.6514,529.1211
g405,282.1491,283.9455,423.6514,529.1211
image286,282.1491,283.9455,423.6514,529.1211
g403,302.9495,295.75003,391.32115,496.45422
g401,302.9495,295.75003,391.32115,496.45422
path288,556.4,646.3207,137.85396,73.879304
g399,302.9495,295.75003,391.32115,496.45422
rect290,371.70001,560.59998,126.7,15.2
rect292,371.70001,609.40002,126.7,15.2
path301,302.9495,295.75003,391.32115,496.45422
path303,302.9495,675.85637,142.1505,69.412271
path305,415.6,694,201.2,69.9
path307,415.6,694,201.3,70
path309,373.83164,731,141.46836,60.023855
path311,424.8,401.97385,123.35962,98.026146
path313,458.56794,402.07067,57.032064,41.449917
path315,435.8,350.3,91.2,91.2
path317,424.8,448.3,123.35962,51.7
path319,382.1,448.9,216.4,221.7
polygon321,376.5,612.9,46.1,43.2
path323,499.18218,702.8,117.71782,54.525673
path325,501.03396,703.8,170.06604,54.539612
path327,483.2,752.5625,157.78483,38.631612
path329,352.9,695.7,55.9,11.2
path331,578.5,667,47.8,20.7
path333,355.4,685.7,19.709452,4.9479753
path335,324.8,715,191.2,73.704938
path337,322.9,699.8,191.1,89.804938
path339,357.45519,494.4,57.055926,154.3
path341,379,588.5,23.449573,8.2187084
path343,372.3,599.00941,11.378775,7.5905873
path345,368.7,608.55217,13.576121,11.247828
path347,539,604.6,61.7,70.712643
path349,556.60273,499.72006,48.641712,133.17994
path351,585.9,558.23333,12.609045,2.9333333
path353,572.2,566.73511,18.948281,2.9648258
path355,568.5,576.42863,26.765375,4.6864944
path357,572.2,588.5,24.604749,7.3969084
path359,385.9,602.8,198.6,112.8
circle361,477.80001,651.89999,14.8,14.8
path363,419.2,533.7,33.8,7.6215625
path365,515.6,537.6,33.8,7.6215625
path367,394.97411,350.30179,132.02589,242.99821
path369,395.37411,299.63841,155.60006,291.92987
g397,395.35,333.9,155.4879,257.72759
path371,404.56301,413.6,7.4496668,40
path373,422.25084,521.3,29.849157,48.1
path375,405.98734,548.9,18.88747,42.727592
path377,470.04445,393.9,5.2060221,24.4
path379,423.76053,333.9,1.4649579,17.7
path381,478.43917,438,5.6677391,15.9
path383,395.35,488.6,13.35,36.6
path385,464.88616,356.59879,55.223775,63.401207
path387,520.1,400.1,21.175,23.8
path389,539.86373,356.6,10.974174,33
path391,464.4,528.1,13.912917,18.915807
path393,441.3,541.4,23.45,16.089639
path395,478.1,482.5,8.9454125,36.8
